 2.3000e+001  1.0000e+000  1.8676e+003
  4.7000e+001  8.0334e-001  1.1510e+003
  2.4000e+001  8.0334e-001  7.5329e+001
  3.4000e+001  7.7743e-001  2.9792e+002
  3.5000e+001  7.5082e-001  -4.2064e+000
  3.6000e+001  7.2891e-001  9.9160e+001
  2.7000e+001  7.2636e-001  -8.6004e+001
  4.2000e+001  7.0460e-001  4.6128e+002
  4.1000e+001  7.0460e-001  1.0543e+003
  3.7000e+001  7.0460e-001  6.0854e+002
  3.2000e+001  7.0460e-001  7.2384e+002
  3.1000e+001  7.0460e-001  7.0971e+002
  2.9000e+001  7.0460e-001  9.9291e+002
  2.8000e+001  7.0460e-001  8.3908e+002
  2.6000e+001  7.0460e-001  5.3602e+002
  2.5000e+001  7.0460e-001  8.5379e+002
  2.0000e+001  7.0460e-001  3.5865e+005
  1.9000e+001  7.0460e-001  3.1390e+005
  1.8000e+001  7.0460e-001  2.6482e+005
  1.7000e+001  7.0460e-001  3.1707e+005
  1.4000e+001  7.0460e-001  -4.8892e+004
  1.3000e+001  7.0460e-001  2.8193e+005
  1.1000e+001  7.0460e-001  9.5029e+004
  1.0000e+001  7.0460e-001  -1.9562e+004
  9.0000e+000  7.0460e-001  1.9976e+005
  8.0000e+000  7.0460e-001  7.7048e+004
  7.0000e+000  7.0460e-001  -2.3046e+004
  6.0000e+000  7.0460e-001  2.0324e+005
  4.0000e+000  7.0460e-001  3.5369e+005
  3.0000e+000  7.0460e-001  1.0031e+005
  2.0000e+000  7.0460e-001  -2.5548e+004
  3.0000e+001  7.0276e-001  -7.4021e+002
  3.3000e+001  7.0159e-001  6.5327e+001
  3.9000e+001  6.8378e-001  -2.4053e+002
  3.8000e+001  6.8143e-001  -6.0267e+002
  4.0000e+001  6.7263e-001  -4.1494e+002
  4.6000e+001  6.4817e-001  -1.6234e+004
  4.5000e+001  6.4018e-001  2.1954e+004
  1.0000e+000  6.2813e-001  -3.1300e+005
  4.3000e+001  6.2805e-001  -1.3533e+005
  1.5000e+001  6.2797e-001  -2.7370e+005
  5.0000e+000  6.2797e-001  -5.0598e+005
  1.6000e+001  6.2790e-001  -4.5398e+005
  2.1000e+001  6.2750e-001  -4.4037e+005
  2.2000e+001  6.2743e-001  -4.0742e+005
  1.2000e+001  6.2743e-001  -4.1101e+005
  4.4000e+001  6.1205e-001  -4.3290e+004